camera
{
	left = -16.0
	right = 16.0
	top = 12.0
	bottom = -12.0
	focal = 24
	near = 36
	far = 500
    position = 0,0,0
    view = 0,0,-1
    up = 0,1,0
}
vertexes
{
	count = 8
	-0.5,-0.5,+0.5,1.0
	+0.5,-0.5,+0.5,1.0
	+0.5,+0.5,+0.5,1.0
	-0.5,+0.5,+0.5,1.0
	-0.5,-0.5,-0.5,1.0
	+0.5,-0.5,-0.5,1.0
	+0.5,+0.5,-0.5,1.0
	-0.5,+0.5,-0.5,1.0
}
faces
{
	count = 12
	0,1,2
	0,2,3
	1,5,6
	1,6,2
	5,4,7
	5,7,6
	4,0,3
	4,3,7
	3,2,6
	3,6,7
	4,5,1
	4,1,0
}
facecolor
{
	0,0,0
	0,0,0
	0,0,255
	0,0,255
	255,0,0
	255,0,0
	0,255,0
	0,255,0
	100,100,100
	100,100,100
	255,255,0
	255,255,0
}
texturecoordinates
{
	0.0,1.0
	1.0,1.0
	1.0,0.0
	0.0,1.0
	1.0,0.0
	0.0,0.0
	0.0,1.0
	1.0,1.0
	1.0,0.0
	0.0,1.0
	1.0,0.0
	0.0,0.0
	0.0,1.0
	1.0,1.0
	1.0,0.0
	0.0,1.0
	1.0,0.0
	0.0,0.0
	0.0,1.0
	1.0,1.0
	1.0,0.0
	0.0,1.0
	1.0,0.0
	0.0,0.0
	0.0,1.0
	1.0,1.0
	1.0,0.0
	0.0,1.0
	1.0,0.0
	0.0,0.0
	0.0,1.0
	1.0,1.0
	1.0,0.0
	0.0,1.0
	1.0,0.0
	0.0,0.0
}
scene
{
	count = 8
	body = T(0,0,-100), R(0,0,0), S(30,25,80), None
	turret = T(0,20,0), R(0,0,0), S(25,15,25), body
	joint = T(0,0,12.5), R(0,0,0), S(0,0,0), turret
	gun = T(0,0,20), R(0,0,0), S(5,5,40), joint
	wheel1 = T(17.5,-12.5,-25.0), R(0,0,0), S(5,20,20), body
	wheel2 = T(-17.5,-12.5,-25.0), R(0,0,0), S(5,20,20), body
	wheel3 = T(17.5,-12.5,25.0), R(0,0,0), S(5,20,20), body
	wheel4 = T(-17.5,-12.5,25.0), R(0,0,0), S(5,20,20), body
}